[STATE]
ORIENT=3 50.000000 23.686224 36.198980 0.000000
ZOOMPAN=137 78 1229 706
ZOOMWINDOW=74.283585 0.000000 23.939612 -7.094846
LABELS=010000110001000000011111000000000010110000
SCALES1=0.100000
SCALES2=5.000000
SCALES3=0.100000
SCALES4=5.000000
SCALES5=50.000000
SCALES6=100.000000
SCALES7=100.000000
SCALES8=100.000000
SCALES9=100.000000
SCALES10=50.000000
SCALES11=10.000000
SCALES12=1.000000
SCALES13=50000.000000
SCALES14=0.100000
SCALES15=7.000000
SCALES16=3.000000
SCALES17=3.000000
